           1          11  0.27935082711461340     
           1          12  0.13258252145954216     
           1          13   8.2430409923987050E-002
           1          14   5.7838394638917483E-002
           1          15   4.3927533533327401E-002
           1          16   4.1215005828441828E-002
           1          17   4.6696083889392274E-002
           1          18   5.1517233229824461E-002
           1          19   5.5260944241807192E-002
           1          20   5.8280280247206606E-002
           2          11   9.6148089489886478E-013
           2          12  0.12288000000024894     
           2          13   6.9405271013500983E-002
           2          14   4.6918860168037799E-002
           2          15   3.4971483356197958E-002
           2          16   3.2408618515599882E-002
           2          17   3.6223086138679611E-002
           2          18   3.9301949317728971E-002
           2          19   4.1360784354461680E-002
           2          20   4.2720342234341242E-002
           3          11  -3.7624162449155056E-002
           3          12   4.0965565509634069E-013
           3          13   7.6750197885919622E-002
           3          14   4.6385110552094495E-002
           3          15   3.3007537856241151E-002
           3          16   2.9752900374879911E-002
           3          17   3.2330416811704232E-002
           3          18   3.3980145357769082E-002
           3          19   3.4594829846212816E-002
           3          20   3.4580239833755029E-002
           4          11  -2.0692653865700347E-002
           4          12  -3.4289668442861118E-002
           4          13   2.2075624630928524E-012
           4          14   5.5325504965729008E-002
           4          15   3.4919207565602017E-002
           4          16   2.9722963497604497E-002
           4          17   3.0710876494834061E-002
           4          18   3.0726858080053921E-002
           4          19   2.9921643363394937E-002
           4          20   2.8780977159169566E-002
           5          11  -1.3823651443077987E-002
           5          12  -1.9904462101145146E-002
           5          13  -2.9880098076037937E-002
           5          14   1.5117094004465904E-007
           5          15   4.3440455528164272E-002
           5          16   3.2194832928265867E-002
           5          17   3.0481483624366777E-002
           5          18   2.8346573498489718E-002
           5          19   2.6275390775350314E-002
           5          20   2.4236625141814523E-002
           6          11  -1.0253633827929176E-002
           6          12  -1.3906418426368328E-002
           6          13  -1.8099424440151266E-002
           6          14  -2.6381168855111069E-002
           6          15   1.0165331602672018E-004
           6          16   4.2001223488236705E-002
           6          17   3.0145147358872724E-002
           6          18   2.8129122733441019E-002
           6          19   2.2356261839489359E-002
           6          20   2.1813957246749803E-002
           7          11  -9.5541929872697724E-003
           7          12  -1.2490941732747996E-002
           7          13  -1.5147573370994760E-002
           7          14  -1.8783037706665333E-002
           7          15  -2.7911649219425592E-002
           7          16   2.0453387447048363E-003
           7          17   5.5529014934484408E-002
           7          18   2.4221168877257223E-002
           7          19   3.0852202350921669E-002
           7          20   1.7649747996202548E-002
           8          11  -1.0631559335236880E-002
           8          12  -1.3378608269819570E-002
           8          13  -1.5220742162711862E-002
           8          14  -1.7004566366292478E-002
           8          15  -1.7771744539860218E-002
           8          16  -3.9259868074810342E-002
           8          17   6.4003419801611757E-003
           8          18   7.5127695842582262E-002
           8          19   2.2793025437283079E-002
           8          20   3.7870812652158560E-002
           9          11  -1.1442923993152448E-002
           9          12  -1.3787116775650006E-002
           9          13  -1.4726135954848521E-002
           9          14  -1.5025621545790660E-002
           9          15  -1.6411453098799017E-002
           9          16  -1.1794837406342988E-002
           9          17  -5.3950024312930771E-002
           9          18   1.1274015494105996E-002
           9          19   9.2958056335320241E-002
           9          20   2.2255529791065411E-002
          10          11  -1.1936807075589004E-002
          10          12  -1.3739327109587581E-002
          10          13  -1.3851507376495155E-002
          10          14  -1.3309168064474039E-002
          10          15  -1.1544258058955542E-002
          10          16  -1.9144836310130746E-002
          10          17  -8.5008337680408108E-003
          10          18  -6.6589700826059375E-002
          10          19   1.6548064850501379E-002
          10          20  0.10955560547281142     
          11          21   9.0372619592440865E-003
          11          22 -0.16843481029662574     
          11          23  -9.3012913894802679E-002
          11          24   1.2570246245390578E-002
          11          25   1.5367734183417567E-002
          11          26  -5.4694723978560851E-002
          11          27   2.0112521830681220E-002
          11          28  -6.2085638003704986E-002
          11          29   1.8405056734464516E-002
          11          30   1.7192949209778364E-002
          12          21   1.3648157495588558E-013
          12          22   6.1935681572577138E-002
          12          23 -0.12356058027413777     
          12          24   4.5455195865469035E-003
          12          25   1.0762622157273399E-002
          12          26  -5.4742096743012954E-002
          12          27   1.4476108037727869E-002
          12          28  -5.8783926720971220E-002
          12          29   1.1968578862384857E-002
          12          30   1.0765412789944664E-002
          13          21   2.5637063912583202E-002
          13          22  -1.2646237570696262E-012
          13          23   6.9487212468590256E-002
          13          24  -1.7650353241112367E-002
          13          25   4.0637872293815356E-003
          13          26  -5.6794213693117657E-002
          13          27   8.6206933421256442E-003
          13          28  -5.5219685419405529E-002
          13          29   6.8101423133094963E-003
          13          30   6.1576638470453139E-003
          14          21   1.7069117020511462E-002
          14          22   2.6639670418337279E-002
          14          23  -1.4147911890083807E-007
          14          24  0.16353643510194024     
          14          25  -1.6380352823800865E-002
          14          26  -6.4765683623231804E-002
          14          27   1.7232496201569725E-003
          14          28  -5.2549615035029175E-002
          14          29   2.9449905834727555E-003
          14          30   3.2431119693967251E-003
          15          21   1.2748053945546695E-002
          15          22   1.8504778292849879E-002
          15          23   2.5401710506505647E-002
          15          24   1.6720813884002386E-004
          15          25  0.15573388174382155     
          15          26  -9.5818680931252870E-002
          15          27  -4.6774592592239393E-003
          15          28  -5.1806625928348289E-002
          15          29   2.2345567813665821E-003
          15          30  -2.6332172914838740E-004
          16          21   1.1855709340516362E-002
          16          22   1.6624078042006281E-002
          16          23   2.0966850222610352E-002
          16          24  -1.0048354561364822E-002
          16          25   3.9804001732375383E-003
          16          26   8.8089115548395103E-002
          16          27  -6.3030644099068639E-002
          16          28  -5.6475661439760440E-002
          16          29  -1.2346166926515143E-002
          16          30   7.9438420459466384E-003
          17          21   1.3322818661431046E-002
          17          22   1.8082594416076601E-002
          17          23   2.1549760209535616E-002
          17          24   1.1543174384812422E-003
          17          25  -1.6392835955605020E-002
          17          26  -7.5748419859227806E-003
          17          27  0.24982078661073648     
          17          28 -0.14231396786657735     
          17          29   1.5742218724256497E-002
          17          30  -2.0039297546295281E-002
          18          21   1.4574823655390845E-002
          18          22   1.9084540055567874E-002
          18          23   2.1461947096711884E-002
          18          24   3.5574650037829003E-003
          18          25   8.3385426517434413E-003
          18          26   4.8472529619836634E-002
          18          27   2.4392003479351162E-002
          18          28  0.10577210782313916     
          18          29 -0.11617894063705370     
          18          30   2.2878969381327493E-002
          19          21   1.5507435633219883E-002
          19          22   1.9544975092793876E-002
          19          23   2.0901015053030051E-002
          19          24   7.4259179001189383E-003
          19          25   4.7305537914011025E-005
          19          26   1.8993756563619367E-002
          19          27  -3.9875918467101389E-002
          19          28  -1.7941541134122444E-002
          19          29  0.32503235116829099     
          19          30 -0.13861602015738717     
          20          21   1.6229601809782227E-002
          20          22   1.9659709903770667E-002
          20          23   1.9981954850175843E-002
          20          24   7.0796589952173434E-003
          20          25   1.0013228198622695E-002
          20          26   2.5472149225335531E-002
          20          27   2.1188527633452012E-002
          20          28   6.3690031825871699E-002
          20          29   4.8110109541491336E-002
          20          30  0.35806919897626877     
          21          31  0.17221456329361134     
          21          32   2.5985284740775626E-002
          21          33  -7.8007219947986234E-002
          21          34   4.5743901660936226E-003
          21          35   1.8532121476063930E-002
          21          36  -4.5327301749507498E-002
          21          37   1.1059635575233704E-002
          21          38  -7.3494719968882558E-002
          21          39   4.5941475260127700E-002
          21          40  -1.2411247933500413E-002
          22          31  -1.2727264067929740E-014
          22          32   9.3122895323671587E-003
          22          33  0.12400658559082432     
          22          34  -4.5123037402782604E-002
          22          35   5.0242392194045443E-002
          22          36  -9.8752887330579353E-002
          22          37   4.4251658211780287E-002
          22          38  -5.4914492279454212E-002
          22          39   1.0720543917489491E-002
          22          40   1.6107003666662227E-002
          23          31   9.3738741227058775E-002
          23          32  -7.1966907616224614E-008
          23          33  0.18586870950034867     
          23          34  0.15939387760027540     
          23          35   4.4361242784260610E-002
          23          36 -0.13579472456182509     
          23          37   4.9005445030601030E-002
          23          38  -5.4106392117880743E-002
          23          39  -4.6784227573115674E-003
          23          40   2.1532297353083155E-002
          24          31  -4.3254112983812697E-003
          24          32  -9.5524842744830668E-002
          24          33  -3.1388308597623404E-004
          24          34  0.26921127306998754     
          24          35 -0.29662356970073550     
          24          36   4.6577607650864251E-002
          24          37  -9.4877794185123550E-003
          24          38  -2.8843182228614227E-002
          24          39   1.1232258662919001E-002
          24          40  -1.8818978400132486E-002
          25          31  -4.0179110261879284E-003
          25          32  -3.3818302948844564E-003
          25          33  0.10737447738934651     
          25          34   1.0334142962676535E-002
          25          35  0.28560764718098181     
          25          36 -0.31020548225883621     
          25          37   4.5990690384178447E-002
          25          38  -2.3256556098107988E-002
          25          39   2.7949988881784248E-002
          25          40  -2.5918130141076006E-002
          26          31   1.8504068641973667E-002
          26          32   4.0616482846002423E-002
          26          33   1.6784530786745987E-002
          26          34 -0.12106216648825621     
          26          35   2.0272761714882254E-002
          26          36   9.4035406078740308E-002
          26          37  0.43921801227080270     
          26          38 -0.15185562385005708     
          26          39  -8.4535572759196313E-003
          26          40   1.4583875287575484E-002
          27          31  -7.6909402081880686E-003
          27          32  -1.3394658034239146E-002
          27          33  -3.9731584094605046E-003
          27          34   2.5521618003111847E-002
          27          35  0.17548242869190250     
          27          36   1.2387497810055633E-002
          27          37  0.42684804410947419     
          27          38 -0.42101880460289637     
          27          39  0.16881114394522564     
          27          40  -6.9404105549697559E-002
          28          31   2.9037890351890864E-002
          28          32   4.7396028005970502E-002
          28          33   4.5263031406201942E-002
          28          34   1.3753184920451016E-002
          28          35  -2.8716208552557083E-002
          28          36  -8.0725783367825474E-002
          28          37   4.6787876844781126E-002
          28          38  0.32249594397110470     
          28          39  0.41866156726418163     
          28          40  -6.4587220995368483E-002
          29          31  -9.6207359216342429E-003
          29          32  -1.5063754579999557E-002
          29          33  -4.8178523157287193E-003
          29          34   7.3585447588912518E-003
          29          35   1.6245118355628849E-002
          29          36   3.9603194547957327E-002
          29          37  0.21344466505644030     
          29          38 -0.13426239072069318     
          29          39  0.74002437097511997     
          29          40 -0.77663667958747695     
          30          31  -1.0287108011151678E-002
          30          32  -1.5164198690809184E-002
          30          33  -7.4716689363432866E-003
          30          34  -8.6846918135855752E-003
          30          35  -1.0069897085231865E-003
          30          36  -2.6816470142836980E-002
          30          37  -1.8924773531322683E-002
          30          38  0.34583695501258854     
          30          39  0.20293883776425206     
          30          40  0.53581766468564707     
