 -0.49999999995466826     
 -0.12499999999960468     
  -5.5555555555511983E-002
  -3.1249999999573664E-002
  -1.9999971503741342E-002
  -1.3868477731881176E-002
  -9.5963749933703057E-003
  -4.6628369374691588E-003
   1.6560699439321640E-003
   9.2667436771521547E-003
 -0.12499999999992517     
  -5.5555555555567730E-002
  -3.1249999999738206E-002
  -1.9999978630169266E-002
  -1.3871817573944831E-002
  -9.6531596064875977E-003
  -4.8446185441740827E-003
   1.3231169449039297E-003
   8.7639130119530999E-003
   1.7392804111236271E-002
  -5.5555555555535860E-002
  -3.1249999999882063E-002
  -1.9999988417939773E-002
  -1.3877198336387021E-002
  -9.7559507915750306E-003
  -5.1875589203056079E-003
   6.9243832240056097E-004
   7.8178533992809048E-003
   1.6106957072565275E-002
   2.5511848438739923E-002
  -3.1250000000012226E-002
  -1.9999995887930801E-002
  -1.3882660735418304E-002
  -9.8849460996967738E-003
  -5.6539172598375808E-003
  -1.7578229110988691E-004
   6.5236795003945540E-003
   1.4368869527103496E-002
   2.3316337317320239E-002
   3.3339453699857045E-002
