  -4.9970812e-01
  -2.3272687e-01
  -1.3371854e-01
  -8.4703779e-02
  -5.8804612e-02
  -4.2779278e-02
  -3.2710257e-02
  -2.5647327e-02
  -2.0633675e-02
  -1.6291337e-02
  -1.1870706e-02
  -6.6059639e-03
  -6.5137533e-04
   6.2557782e-03
   1.3752205e-02
   2.2165917e-02
   3.1092190e-02
   4.0922851e-02
   5.1215716e-02
   6.2409517e-02
   7.4030392e-02
   8.6551707e-02
   9.9475206e-02
   1.1329872e-01
   1.2750725e-01
   1.4261407e-01
   1.5809495e-01
   1.7447052e-01
   1.9121434e-01
   2.0884713e-01
   2.2684673e-01
   2.4572750e-01
   2.6497727e-01
   2.8509856e-01
   3.0559397e-01
   3.2694971e-01
   3.4868707e-01
   3.7127229e-01
   3.9424847e-01
   4.1805916e-01
   4.4227146e-01
   4.6730434e-01
   4.9275040e-01
   5.1900281e-01
   5.4568053e-01
   5.7315035e-01
   6.0105782e-01
   6.2974333e-01
   6.5887882e-01
   6.8877867e-01
   7.1914061e-01
   7.5025371e-01
   7.8184065e-01
   8.1416616e-01
   8.4697677e-01
   8.8051402e-01
   9.1454707e-01
   9.4929555e-01
   9.8454993e-01
   1.0205093e+00
   1.0569839e+00
   1.0941538e+00
   1.1318478e+00
   1.1702280e+00
   1.2091405e+00
   1.2487309e+00
   1.2888610e+00
   1.3296614e+00
   1.3710085e+00
   1.4130190e+00
   1.4555823e+00
   1.4988027e+00
   1.5425817e+00
   1.5870121e+00
   1.6320063e+00
   1.6776465e+00
   1.7238553e+00
   1.7707054e+00
   1.8181285e+00
   1.8661885e+00
   1.9148255e+00
   1.9640953e+00
   2.0139458e+00
   2.0644255e+00
   2.1154893e+00
   2.1671789e+00
   2.2194557e+00
   2.2723552e+00
   2.3258449e+00
   2.3799542e+00
   2.4346566e+00
   2.4899759e+00
   2.5458908e+00
   2.6024200e+00
   2.6595475e+00
   2.7172865e+00
   2.7756267e+00
   2.8345756e+00
   2.8941286e+00
   2.9542873e+00
   3.0150533e+00
   3.0764218e+00
   3.1384012e+00
   3.2009795e+00
   3.2641726e+00
   3.3279607e+00
   3.3923684e+00
   3.4573662e+00
   3.5229894e+00
   3.5891968e+00
   3.6560369e+00
   3.7234539e+00
   3.7915125e+00
   3.8601390e+00
   3.9294189e+00
   3.9992547e+00
   4.0697590e+00
   4.1408041e+00
   4.2125381e+00
   4.2847923e+00
   4.3577622e+00
   4.4312252e+00
   4.5054423e+00
   4.5801139e+00
   4.6555919e+00
   4.7314716e+00
   4.8082364e+00
   4.8853237e+00
   4.9634100e+00
   5.0417041e+00
   5.1211843e+00
   5.2006841e+00
   5.2816673e+00
   5.3623711e+00
   5.4451395e+00
   5.5270448e+00
   5.6121601e+00
   5.6952629e+00
   5.7854359e+00
   5.8697287e+00
