  1.85057768560228549E-002 -1.14586418442701732E-002 -5.45833713836089019E-003
  4.40921636092558092E-002 -1.02173535620732805E-002 -7.78939066716348731E-005
  7.42286107201232531E-002 -6.21288504850087304E-003  3.51303902872706535E-003
  0.10876115163521968      -1.65534451649168406E-003  3.59269230353612915E-003
  0.14759075860504081       5.12293812437829288E-004  1.04101015191897434E-003
  0.19064886834983899      -5.46210641536578408E-004 -9.55181438532538667E-004
  0.23788548135194412      -2.31816622292951033E-003 -1.19659793848174155E-004
  0.28926273406622749      -1.74385098824937461E-003  2.09022933143800452E-003
  0.34475113453795847       7.34907533356503632E-004  2.41107362373434121E-003
  0.40432721198860838       2.02246952057556816E-003  3.81329612143852773E-004
  0.46797197045199523       8.70034959813840709E-004 -1.42200534177094602E-003
  0.53566982646562067      -1.13506436486514165E-003 -1.09576963453724297E-003
  0.60740785279962284      -1.40499955190987835E-003  1.27729644965471128E-003
  0.68317522408372922       1.91217514972996726E-003  1.94898409304714981E-003
  0.76296280062280131       2.63309791489056439E-003 -3.13529804207278353E-003
  0.84676280981878993      -4.93143859600848802E-003 -2.64981762092066737E-003
  0.93456859839120754      -8.13824350308958158E-005  7.07806980296645655E-003
   1.0263744371057459       8.90213901412635449E-003 -7.88168580761556062E-003
   1.1221753651749173      -2.34902295457611009E-002 -8.20078291946692468E-003
   1.2219670651014456      -6.59153519386703130E-004  4.52499588416395704E-002
   1.3257457611908319       6.51760455480878687E-002 -1.75907004085219913E-002
   1.4335081366762288      -4.41425892835720993E-002 -7.03538189376570339E-002
   1.5452512656263000      -5.21222866191663817E-002  6.58502451365730462E-002
   1.6609725567034235       6.58924240438011066E-002  1.84297703238077877E-002
   1.7806697065063362      -8.10377062507424036E-003 -4.20909268245371962E-002
   1.9043406607358588      -1.34437936252740330E-002  1.23847713331408579E-002
   2.0319835818106884       3.08797401630148084E-003 -1.66899334728037987E-004
   2.1635968218646564      -6.72846517649547388E-005  2.24657321326656063E-003
   2.2991789003002281       1.13577454534199876E-003 -9.73844210766326994E-004
   2.4387284852728168      -1.30492623520083909E-004 -3.26665758503847097E-004
   2.5822443786492397      -2.76576266132269708E-004  1.95634401354578618E-004
   2.7297255041324502      -2.03649766033137531E-004 -4.28576753468231340E-004
   2.8811708983808773       7.93727996131801325E-004  1.67505022199321112E-003
   3.0365797050829553      -5.08892780806467055E-004 -4.29466763902064657E-003
   3.1959511720813345      -1.79120252539179863E-003  7.20915805090558467E-003
   3.3592846517842125       5.40769428159073532E-003 -8.13012057834043220E-003
   3.5265796052592595      -7.79098679455520870E-003  6.19604084131263316E-003
   3.6978356105858818       7.21450850922032098E-003 -3.06471878195796639E-003
   3.8730523762521512      -4.53034906028195340E-003  8.60200534074046148E-004
   4.0522297606314357       1.85133017736978833E-003 -9.47958074493037925E-005
   4.2353677988710343      -3.71780189018284797E-004  4.29698077356606734E-005
   4.4224667388817034      -8.10850845054968253E-005 -4.14828350573081666E-005
   4.6135270885452400       1.02899913860379262E-004 -9.77252410740573946E-005
   4.8085496767726790      -1.37454546774678338E-005  3.29605016175549357E-004
   5.0075357316631139      -1.29194299507357267E-004 -6.02746507355785238E-004
   5.2104869797526714       3.86327774453220090E-004  8.44352377125314520E-004
   5.4174057712235424      -7.48993645995289911E-004 -8.41228109851735093E-004
   5.6282952369882011       9.53377704428532151E-004  4.53526892085307962E-004
   5.8431594847957813      -7.25114565635254140E-004  4.89954345296876438E-005
   6.0620038429521292       2.48316083985844591E-004 -2.18707588757749536E-004
   6.2848351619247245       6.16570786293115945E-006  6.55965110079814403E-005
   6.5116621860397039       2.43974061161305965E-005  2.68142054445874941E-005
   6.7424960096866409      -5.70279775352949060E-005  4.09852096139003353E-005
   6.9773506349316952      -2.65215235989951472E-005 -1.00788807457954433E-004
   7.2162436501909140       1.11565783679698954E-004  3.38527825089770493E-005
   7.4591970525951909      -8.14016999788609412E-005  5.28556318063989073E-005
   7.7062382398124472       1.57657099386881007E-005 -6.41882571459476993E-005
   7.9574012002483938       1.29955162923106143E-005  3.60019439730942682E-005
   8.2127279335145698      -2.44837704332245034E-005 -1.91019472117743536E-005
   8.4722701355041252       2.28070320904377971E-005 -1.40578781194924553E-005
  1.65387038868890848E-002 -3.60210189202614869E-002 -5.86792178125153212E-003
  4.10825831240788017E-002 -3.81464226353928071E-002  1.53532214919502308E-002
  7.00614198611837213E-002 -2.14712231186263633E-002  3.88455089174087817E-002
  0.10333434389095460       1.65318978591651039E-002  4.40169401350205061E-002
  0.14081470951387734       5.29749394628136749E-002  7.45267076844184379E-003
  0.18244529202846058       3.71491338503282670E-002 -6.24974369938715996E-002
  0.22818627726940102      -6.11417875416571596E-002 -9.20186914339976153E-002
  0.27800882669550142      -0.16482835003431212       1.28676590574280086E-002
  0.33189136309228029      -9.88535860492616852E-002  0.20835072476539318     
  0.38981730298522627       0.17362318864882981       0.23855450678129775     
  0.45177360952102336       0.33837440075169312      -5.88267246385801787E-002
  0.51774983458964585       8.28477373275887247E-002 -0.35039464252975489     
  0.58773746481500566      -0.28037215400106641      -0.18216569820800849     
  0.66172946286283141      -0.20124362494117498       0.17588836126132906     
  0.73971993806178493       8.69024332242433611E-002  0.15094142147558540     
  0.82170390489192635       7.28673426160832138E-002 -3.54254837539328196E-002
  0.90767710257333145      -1.41804195396576498E-002 -8.42597289468075689E-003
  0.99763585803177690       2.18772773039101996E-002  5.92330646435217448E-003
   1.0915769802416315       9.72762753348835633E-004 -2.15431603214820099E-002
   1.1894976776562500      -8.11929425730196185E-003  9.77062886931438779E-004
   1.2913954928944225      -5.36919218881639010E-004 -1.61552787894883522E-003
   1.3972682505129601      -2.53309021385677386E-003  2.18327188048023264E-003
   1.5071140148399989       1.75640152969023275E-003 -2.51705577337684553E-005
   1.6209310556458874      -1.49657513343296020E-003 -9.25528123927569276E-004
   1.7387178200009499       4.38807244283210293E-004  2.09376835893067357E-003
   1.8604729090849639      -6.65936775138862820E-004 -3.65169017694929373E-003
   1.9861950590209481      -1.93531008685291980E-003  9.71344918170598606E-003
   2.1158831250384909       1.53143876403818123E-002 -1.32267257258394787E-002
   2.2495360684528425      -3.25305588984378530E-002 -1.09253518554608712E-003
   2.3871529460912653       2.95751735099339108E-002  2.98180699135912539E-002
   2.5287329019200340      -2.66218111957762169E-003 -4.30673034394410750E-002
   2.6742751607329587      -1.96924965430536475E-002  2.85086742385179427E-002
   2.8237790238628695       1.95629812920575102E-002 -7.18923960683240208E-003
   2.9772438669774544      -8.25450848437368420E-003 -1.74243624286004217E-003
   3.1346691401256761       1.23543466588271690E-003  9.04272320230360151E-004
   3.2960543703167531       4.06752094652591427E-006  5.06718265138581632E-004
   3.4613991670456308       1.41295004686057526E-004 -4.00796756104486018E-004
   3.6307032313336052       2.65739114314644107E-005  2.33659271691937225E-004
   3.8039663690370440      -5.17038805674814562E-004 -7.52368751339269016E-004
   3.9811885093989412       1.21460285628114490E-003  1.90993917471541405E-003
   4.1623697300865548      -2.02844564254752108E-003 -3.28069622340006759E-003
   4.3475102902841618       2.65259785402092389E-003  4.24136245345862768E-003
   4.5366106738053809      -2.83480099448309717E-003 -4.13830519133830382E-003
   4.7296716446686391       2.48965639315203982E-003  2.95053080153114032E-003
   4.9266943181594316      -1.65422232278089826E-003 -1.40272009201251944E-003
   5.1276802511013946       7.12734553495400361E-004  3.40228835686884692E-004
   5.3326315558980202      -1.01785007596591449E-004 -2.05984689504681200E-005
   5.5415510439101308      -4.81560555046389686E-005  9.83644941170727741E-005
   5.7544424049280583      -1.19797341529453784E-004 -1.90635674330153599E-004
   5.9713104309087930       3.37782646746331849E-004  1.12382371415632796E-004
   6.1921612938057518      -4.39217294175184205E-004  8.46313029189370823E-005
   6.4170028892489173       3.83609931491014564E-004 -2.98791259992694223E-004
   6.6458452600598177      -1.56952282466294384E-004  4.21733757179750034E-004
   6.8787011161239517      -1.05224525264108421E-004 -3.25536586397858732E-004
   7.1155864699941231       1.85163420193615622E-004  7.67689152474824109E-005
   7.3565214107397532      -6.65082904981677378E-005  5.23759546732120783E-005
   7.6015310419312918      -1.07718919391691794E-006 -2.95278285716673358E-005
   7.8506466131407775       1.01232823907125300E-005  2.56794240075749504E-005
   8.1039068777566481      -3.16876737040715508E-005 -1.24105730913391123E-005
   8.3613597129368529       3.30323696537450644E-005 -1.70556917522633050E-005
  1.30284276097699051E-002  8.42837119011630664E-004  2.87331566934976223E-003
  3.58429394740433158E-002  1.90194150078189521E-003  2.20008495987369414E-003
  6.30136121651889702E-002  2.45692040075941049E-003  8.51328197538992804E-004
  9.44247922651095667E-002  2.01982862548459987E-003 -6.31493140549284891E-004
  0.13000697503466330       7.01970177664442189E-004 -1.36557586053499022E-003
  0.16971443058417071      -5.50970451728845212E-004 -8.38160302143379880E-004
  0.21351506043056870      -6.76133348985930418E-004  3.42374448224862064E-004
  0.26138524553984777       3.10789414220086679E-004  8.19107556829089365E-004
  0.31330697762345439       1.09392879609255243E-003 -2.24156760909324603E-006
  0.36926614213235831       5.71155672520472961E-004 -1.18304113406564109E-003
  0.42925143003575722      -1.01187835776979720E-003 -1.25610619867777789E-003
  0.49325361566156084      -2.05913263778389208E-003  6.63906521526764939E-004
  0.56126505915630476       2.36157019942966843E-004  3.15997164192226504E-003
  0.63327935290768800       4.81623758223558018E-003  1.88885256772420131E-004
  0.70929106365942474       4.17162525085747074E-004 -7.21913925561489412E-003
  0.78929554022465309      -1.01513679195959754E-002  2.43537315794979708E-004
  0.87328876736937067       3.34609966111755995E-003  1.24821371255842035E-002
  0.96126725293994364       1.18229357315428659E-002 -1.11467275814875894E-002
   1.0532279394082562      -2.52425178672936179E-002 -4.29087105641937951E-003
   1.1491681336688773       1.46721061802709048E-002  4.33996180684072044E-002
   1.2490854506947879       5.69410589742612092E-002 -4.65725224302799209E-002
   1.3529777678664769      -8.43019047631314994E-002 -5.31795866871112161E-002
   1.4608431876298669      -2.53216820197814940E-002  0.10991362774609985     
   1.5726800067353155       0.10410437520385576      -1.53954281241316868E-002
   1.6884866907414127      -4.23241911132163362E-002 -6.63369424057859286E-002
   1.8082618527849048      -2.22508721618255370E-002  3.82197239165147015E-002
   1.9320042358570173       1.54796166578026247E-002 -1.46703416002192283E-004
   2.0597126980097515      -1.68028847012643534E-004 -1.15541469998015479E-004
   2.1913862000608453       1.12505661879581335E-003 -2.96443077576491075E-003
   2.3270237954841382      -1.43247843836347925E-003  2.09096906559298122E-004
   2.4666246222732995      -3.07667689859442975E-004  5.33561847372872496E-004
   2.6101878966570196       4.94523066374338177E-004 -2.99197010998876088E-004
   2.7577129086295167      -6.20316532729916809E-006  1.04901274536271447E-003
   2.9091990193464978       1.49198233834181527E-005 -3.27501608382779709E-003
   3.0646456605276926      -2.04749379794993058E-003  6.77688610374346714E-003
   3.2240523361084636       6.72625796160230237E-003 -9.27020800263365745E-003
   3.3874186264986430      -1.16258453355163570E-002  8.30054706663506912E-003
   3.5547441959429609       1.31140455086520731E-002 -4.42822239168240341E-003
   3.7260288036396081      -1.02817423614447456E-002  7.19332615928120725E-004
   3.9012723194689225       5.61850812460355439E-003  7.64300010168422620E-004
   4.0804747454208474      -1.98876156257817580E-003 -5.33906415326868391E-004
   4.2636362440966664       2.84320426131456742E-004  2.61386884886903885E-005
   4.4507571760089082       1.68651058761177478E-004  7.34062124932180710E-005
   4.6418381478251423      -1.82436604275926483E-004  1.62135727330358801E-004
   4.8368800742112956       1.22237123713282323E-004 -5.39367936483728470E-004
   5.0358842565444863       7.58015918393669449E-006  1.01300326238593108E-003
   5.2388524825024385      -3.60958082779644883E-004 -1.44773064219374473E-003
   5.4457871514172052       9.37847672198481998E-004  1.48169321879663258E-003
   5.6566914313269949      -1.31652768255195252E-003 -8.69350156181051778E-004
   5.8715694548963491       1.02472051097092769E-003  5.14781995248057527E-005
   6.0904265628245051      -3.46431515436173632E-004  2.52824820207293540E-004
   6.3132696050505768      -1.13096167375265099E-005 -6.12832025416963486E-005
   6.5401073120105782      -4.96235789594564355E-005 -5.34335201965064640E-005
   6.7709507504226618       1.00231591021367802E-004 -7.37229411492820394E-005
   7.0058138805755323       4.30349417705315360E-005  1.69916410916540477E-004
   7.2447142348591980      -1.76297251496108725E-004 -6.14394504754883520E-005
   7.4876737402655769       1.31999634804152191E-004 -7.50431662521481088E-005
   7.7347197107196486      -3.13109488172183396E-005  9.38916738773460139E-005
   7.9858860382392232      -1.17400622729628206E-005 -5.94415940588338655E-005
   8.2412146148399703       3.94754393755412236E-005  3.30907050024642816E-005
  8.54664398849942428E-003  8.60264628417621558E-005  5.66210578582916022E-005
  2.92728114050847324E-002  1.39268940515454805E-004  4.47389032051789535E-005
  5.43617317359787189E-002  2.05254633744566059E-004 -1.32104068118723431E-006
  8.37023168408208840E-002  2.69976160264756549E-004 -1.05328996931603464E-004
  0.11722544342584099       2.92121133222575662E-004 -2.96379851457937728E-004
  0.15488436877955949       1.71742352791495192E-004 -5.87205299301626275E-004
  0.19664563470844290      -2.66319785190898624E-004 -8.73480253925532774E-004
  0.24248429534806437      -1.12828464735583302E-003 -7.67904862208927219E-004
  0.29238116925247437      -1.97683628399068648E-003  3.49847681998834386E-004
  0.34632114479540255      -1.45423263201205680E-003  2.47673916287183965E-003
  0.40429207930531330       1.60937157069790913E-003  3.60606375968276034E-003
  0.46628405408456325       5.14313699078397090E-003  6.19527006680602285E-004
  0.53228885333821530       3.53248308357174490E-003 -5.36906187830453203E-003
  0.60229958961640817      -4.22486130738725270E-003 -6.16996723890920508E-003
  0.67631042829213450      -7.76419480015056937E-003  2.27390864580415521E-003
  0.75431638084204544       3.37542902097401473E-004  8.02517513371808766E-003
  0.83631314706321358       7.15071775036213182E-003  9.27197755088084554E-004
  0.92229699281330701       1.26443115172974693E-003 -5.58172667194699497E-003
   1.0122646540048355      -3.73653599699498226E-003 -8.79577101763320628E-004
   1.1062132603151713      -2.52243049656347153E-004  1.95990693497443639E-003
   1.2041402739164699       4.78768237544453096E-004 -1.88552920664238782E-004
   1.3060434397988541      -1.62700675157054962E-004  5.90840540031701243E-004
   1.4119207451513576       1.10258685801000638E-003 -4.07264082531224214E-004
   1.5217703859016305      -1.33136248234286508E-003 -8.27282671276378815E-004
   1.6355907389779554       5.13673469997318489E-004  1.94707752178008915E-003
   1.7533803391986202       7.46806782227291762E-004 -2.48559058927773878E-003
   1.8751378599506876      -2.19226769622616778E-003  3.31190436036731158E-003
   2.0008620970168876       6.54408700362628729E-003 -4.40136789701854429E-003
   2.1305519550639800      -1.46084275114876753E-002 -4.41912044642570599E-004
   2.2642064364308889       1.63368149192082389E-002  1.49613011123853022E-002
   2.4018246319594483      -2.95214671267777238E-003 -2.68692170712073221E-002
   2.5434057137028070      -1.45547251071765135E-002  2.19122021377267558E-002
   2.6889489294312141       1.88870168210637582E-002 -6.37214119381180558E-003
   2.8384535989385968      -1.06414644292207351E-002 -3.25700604063562833E-003
   2.9919191122393078       2.44486994981308074E-003  3.12802896490529773E-003
   3.1493449298383660       1.07275524479565063E-004 -4.20571538358554414E-004
   3.3107305853645377       9.33099773544165387E-005 -4.25779034325635369E-004
   3.4760756909789174      -2.42027653759991501E-004  1.82593816136073319E-004
   3.6453799461182523       9.67787357451272584E-005 -1.99402017643576920E-004
   3.8186431503081097       4.23350151615833268E-005  7.87132113131516807E-004
   3.9958652209942058      -1.80586315935139726E-004 -1.85441695896192485E-003
   4.1770462175991110       3.49420432802855321E-004  3.06762342888797657E-003
   4.3621863733266677      -5.39464402221118198E-004 -3.84647086854300558E-003
   4.5512861366194439       7.38986564182777064E-004  3.71135024496392369E-003
   4.7443462246400259      -8.45002244073165838E-004 -2.68532742567252798E-003
   4.9413676917092921       7.03913894797426822E-004  1.34254996237239245E-003
   5.1423520163150656      -3.44264389791395717E-004 -3.64178272127274594E-004
   5.3473012111201701       9.70288201273222214E-006  1.91803984611186765E-005
   5.5562179613759843       7.74270108367782275E-005 -8.62570119097789062E-005
   5.7691057983095071       6.29384367133236928E-005  1.92866604011490353E-004
   5.9859693154266802      -2.55056983761558739E-004 -1.72374950606307416E-004
   6.2068144372887399       3.83408545880217723E-004  3.86665919415921095E-005
   6.4316487522000854      -3.87409467459771375E-004  1.51862341589118269E-004
   6.6604819224159835       2.31840713147034864E-004 -3.11383517838746747E-004
   6.8933261879541288       1.87156610163190124E-005  2.90541964765130044E-004
   7.1301969828755887      -1.33768524250380965E-004 -9.70871222393844411E-005
   7.3711136859682291       6.24069921171774321E-005 -3.05196429420020982E-005
   7.6161005310635357      -4.36176883133223641E-006  2.55256246264896344E-005
   7.8651877056372914      -5.18401468979411972E-006 -2.42172649400785315E-005
   8.1184126696992127       2.72337648686750506E-005  1.80595179865787440E-005
  3.60120215028975456E-003 -3.99546122394132948E-006  7.57624938839271284E-006
  2.20407454593119084E-002 -2.24107004259685031E-006  1.37313256364580241E-005
  4.49263470673631274E-002  4.34760739145142358E-006  1.97884353629847998E-005
  7.21178678575249144E-002  1.75989020829085579E-005  2.17672975157705140E-005
  0.10352895860540723       3.28093656901177718E-005  1.23487860342535731E-005
  0.13910222208269188       4.05075550446290294E-005 -9.81231797190883006E-006
  0.17879728036160322       2.72612899497181883E-005 -3.55633719147803429E-005
  0.22258450054090353      -3.15338970477081870E-006 -4.40792973312247480E-005
  0.27044141274233907      -2.93052369014061440E-005 -2.42883478567864345E-005
  0.32235052898727767      -2.50846975383617533E-005  2.55927439787363358E-006
  0.37829794581266046      -8.69535743151458105E-006  4.00650019939065845E-006
  0.43827241155445873      -1.99500261158883626E-005 -6.41068527818762081E-006
  0.50226468242830435      -3.94289847164668039E-005  3.11947493422850742E-005
  0.57026706524422466       2.47554854514967122E-005  7.60436298604267040E-005
  0.64227308475811817       1.08663726854694529E-004 -9.46394568164851652E-006
  0.71827723662240317      -8.00307232030364526E-006 -1.29180960203567543E-004
  0.79827480056582234      -1.27336309049974633E-004  4.37399650205403886E-005
  0.88226169685758260       1.54393898841556588E-004  9.88965144056409503E-005
  0.97023437446430860       1.10268091845237682E-005 -3.95717190373123318E-004
   1.0621897228011941      -7.92496022239003346E-004  2.06965052596160156E-004
   1.1581250013128483       6.49183556738868882E-004  1.31613394151594305E-003
   1.2580377827116915       1.82558956351440036E-003 -1.43332153250433120E-003
   1.3619259068098537      -2.57584504586969151E-003 -1.99975244101169855E-003
   1.4697874426646920      -1.46344581095142609E-003  3.79985916577767159E-003
   1.5816206573228915       4.51141371286679915E-003  1.01712456930273638E-004
   1.6974239898612467      -1.63941307635979321E-003 -4.08625159390639536E-003
   1.8171960297296252      -2.44791447717967060E-003  2.78269637986565703E-003
   1.9409354986343719       2.55518162158163741E-003  4.99261753355261287E-004
   2.0686412353804080      -5.46551079722348344E-004 -1.32925879043237216E-003
   2.2003121832331045      -2.78304950287885488E-004  4.10796413722779182E-004
   2.3359473794777297      -4.71394276444511861E-005  1.48813748882921577E-004
   2.4755459469538330       3.55814787935840521E-004 -1.31506352947309194E-004
   2.6191070874309874      -4.17671900250791387E-004  1.16595177256378105E-004
   2.7666300767762779       5.45639929670043203E-004 -4.21787412911723278E-004
   2.9181142619480083      -1.21408974431439528E-003  1.08784360774858628E-003
   3.0735590599387570       2.80636701422838858E-003 -1.61740978966688331E-003
   3.2329639588888286      -4.84338154941396735E-003  1.16246054340992896E-003
   3.3963285217029098       5.94218278207458289E-003  3.60167664902997457E-004
   3.5636523926340078      -5.19866746295602651E-003 -1.85145145576750929E-003
   3.7349353074551952       3.22201235253632067E-003  2.21275836268908449E-003
   3.9101771080279328      -1.36162320866388235E-003 -1.49071554488803648E-003
   4.0893777623042658       3.36915498754126888E-004  5.41354021419101269E-004
   4.2725373910772966       1.26787798296878848E-005 -4.11150604122324373E-006
   4.4596563031316458      -9.29756904437928746E-005 -8.49389661379345938E-005
   4.6507350408544390       1.35710848854718246E-004 -3.15368220595983693E-005
   4.8457744388631383      -2.18745626434405224E-004  2.18446868884467321E-004
   5.0447756988046004       2.99143216705260702E-004 -4.92907530329094227E-004
   5.2477404841995101      -2.34365653040237009E-004  8.22885660298517990E-004
   5.4546710400681935      -7.42213204223937976E-005 -9.89874721823508479E-004
   5.6655703431008302       4.31100806163738700E-004  7.53534072948232564E-004
   5.8804422893519916      -4.72731197464666957E-004 -2.62035986741138702E-004
   6.0992919278717679       2.03512470778671566E-004 -3.67166726699288785E-005
   6.3221257503592732       1.35224087372767148E-006  1.34812279054147231E-005
   6.5489520488617137       2.54504622890042796E-005  4.77341732766896148E-005
   6.7797813557624282      -7.61281194730486826E-005  3.22731924112250966E-005
   7.0146269828116043      -1.20733545962155135E-006 -1.09220232114719631E-004
   7.2535056787471834       9.37433304731259427E-005  6.57352414424730363E-005
   7.4964384280957184      -8.93503307590150426E-005  2.23806878183809450E-005
   7.7434514169637110       3.56009569765007404E-005 -4.65172967120614574E-005
   7.9945771948974214      -5.72034009166537990E-006  3.95806685507172997E-005
  1.45851955546275960E-002  5.66017395872217893E-008  1.22036391748056020E-007
  3.51906270886107528E-002  1.93644398126851493E-007  1.93440061127915289E-007
  6.01912487570160706E-002  5.11518291467582157E-007  2.43773434165825527E-007
  8.94655151867473353E-002  1.07506242719423869E-006 -3.69774837821849313E-008
  0.12293751592961982       1.64470288577941101E-006 -9.66151887293648980E-007
  0.16055610143558538       1.46422346150371903E-006 -3.04093352271283437E-006
  0.20228489528468649      -1.14958175601019496E-006 -5.43152828351754709E-006
  0.24809696651445312      -7.29157680860673852E-006 -5.50000607102414167E-006
  0.29797174632801965      -1.41203090368858443E-005  2.32758878296418070E-006
  0.35189312898842734      -1.13547120334865152E-005  1.86557783328048981E-005
  0.40984824335310338       1.27548350168173997E-005  2.97843604237031491E-005
  0.47182662617285720       4.53344810909526351E-005  6.86348643612576570E-006
  0.53781964732308840       3.71192886445480841E-005 -5.07915360393413007E-005
  0.60782009910371237      -4.18043985528487590E-005 -7.05488859100698070E-005
  0.68182189584839115      -9.96400407763866768E-005  2.00365691087529851E-005
  0.75981984974722805      -7.90209388625730083E-006  1.18726414184852825E-004
  0.84180950058226711       1.26243002423418675E-004  3.34205981694636094E-005
  0.92778698439530627       4.89584326755867325E-005 -1.22399466882452544E-004
   1.0177489307871224      -1.09880736102527035E-004 -5.24362206299949500E-005
   1.1116923816178597      -4.22433949479038170E-005  9.12792327691276401E-005
   1.2096147259399705       6.19018569328084475E-005  2.56502788866699122E-005
   1.3115136474089224       1.87909294975068032E-005 -2.96316760336826926E-005
   1.4173870814044933      -5.67385235047854921E-006 -2.14336742171770454E-005
   1.5272331797977243      -3.79674295658511288E-005 -2.24213407695926231E-006
   1.6410502818064983       3.37475422534795594E-005  4.11156036822744796E-005
   1.7588368897556990      -3.67123420294921887E-005 -7.21757526730499232E-005
   1.8805916488371097       1.19101783320921259E-006  1.87164050377641863E-004
   2.0063133301766500       2.71645284642534903E-004 -2.90174697615066222E-004
   2.1360008166821793      -7.14065130040815194E-004  3.08858921469687773E-006
   2.2696530912778057       7.67833018642931917E-004  7.70797461918388779E-004
   2.4072692272405005      -3.75384000337262224E-005 -1.40492587219726343E-003
   2.5488483804500377      -9.98436228749220635E-004  1.19444784989658059E-003
   2.6943897834501862       1.45407611868933711E-003 -2.98031609864243070E-004
   2.8438927413026569      -1.08672677959844601E-003 -4.66379938322498424E-004
   2.9973566293008616       4.27077859435647260E-004  6.14038514902586299E-004
   3.1547808927022918      -1.11581599164500320E-005 -3.47969431338217804E-004
   3.3161650487411660      -9.18953327847371994E-005  7.38992111277509615E-005
   3.4815086913019293       8.05035426661198565E-005  3.26438779350459772E-005
   3.6508114987746452      -1.10145437693544179E-004  1.94077581881187289E-005
   3.8240732457815985       2.23232615730611862E-004 -2.06645639900166883E-004
   4.0012938196681880      -4.12870755426985746E-004  5.05920826236465403E-004
   4.1824732428978599       6.13387092358683703E-004 -8.42884905572637076E-004
   4.3676117027918888      -6.98902429372755718E-004  1.06659056578783332E-003
   4.5567095904196737       5.96982802211283212E-004 -1.05418972554576417E-003
   4.7497675508891657      -3.48999755341238406E-004  8.10070276809078346E-004
   4.9467865478239696       1.06558750043654916E-004 -4.42165346227343947E-004
   5.1477679454619301      -7.34148914077419142E-006  1.29652704186894788E-004
   5.3527136125891737       2.79183036447861127E-005  1.28643517575845309E-006
   5.5616260534559538      -4.54987316126969084E-005  2.33067429207828251E-005
   5.7745085719302294       3.61770998985862525E-006 -7.60747895880013633E-005
   5.9913654764577275       6.14921328775045047E-005  9.47754033683190114E-005
   6.2122023349398292      -1.23885854706809895E-004 -6.94157311496128440E-005
   6.4370262904376210       1.55472820949647677E-004  6.29183846796089232E-006
   6.6658464506855513      -1.26120781818203376E-004  7.59104859226426691E-005
   6.8986743667644959       3.19056062035042782E-005 -1.04053682883556331E-004
   7.1355246189449399       3.39818046810124615E-005  4.98581819245780050E-005
   7.3764155306478623      -2.49469169886507578E-005  3.39533100934301241E-006
   7.6213700346308837       3.57997579048911249E-006 -9.03069214644595510E-006
   7.8704167187919989      -6.46499497296791293E-007  8.85275110224018217E-006
   8.1235910822172102      -8.84103256832335579E-006 -9.67645012887346710E-006
